         5700     5710     5720     5730     5740     5750     5760     5770     5780     5790     5800     5810     5820     5830     5840     5850
5700    21.68    21.70    21.73    21.77    21.82    21.87    21.93    22.00    22.08    22.16    21.88    21.99    22.10    22.22    22.34    22.48
5710    21.61    21.63    21.65    21.68    21.72    21.76    21.81    21.87    21.94    22.01    21.73    21.82    21.92    22.03    22.15    22.27
5720    21.55    21.56    21.57    21.59    21.62    21.66    21.70    21.75    21.81    21.88    21.58    21.67    21.76    21.86    21.97    22.08
5730    21.50    21.50    21.50    21.52    21.54    21.57    21.60    21.65    21.70    21.76    21.45    21.52    21.61    21.70    21.80    21.91
5740    21.46    21.45    21.45    21.45    21.47    21.49    21.51    21.55    21.59    21.64    21.32    21.39    21.46    21.55    21.64    21.74
5750    21.42    21.41    21.40    21.40    21.40    21.41    21.43    21.46    21.49    21.53    21.21    21.26    21.33    21.41    21.49    21.58
5760    21.39    21.37    21.36    21.35    21.34    21.35    21.36    21.38    21.41    21.44    21.10    21.15    21.21    21.27    21.35    21.43
5770    21.38    21.35    21.32    21.31    21.30    21.29    21.30    21.31    21.33    21.35    21.00    21.04    21.10    21.15    21.22    21.29
5780    21.37    21.33    21.30    21.28    21.26    21.25    21.24    21.25    21.26    21.27    20.91    20.95    20.99    21.04    21.10    21.16
5790    21.37    21.32    21.28    21.25    21.23    21.21    21.20    21.19    21.20    21.21    20.84    20.86    20.90    20.94    20.99    21.04
5800    20.94    20.89    20.84    20.79    20.76    20.72    20.70    20.68    20.67    20.67    20.29    20.31    20.33    20.35    20.39    20.43
5810    20.97    20.90    20.85    20.79    20.75    20.71    20.68    20.65    20.64    20.63    20.24    20.25    20.26    20.28    20.30    20.34
5820    21.00    20.93    20.86    20.80    20.75    20.71    20.67    20.64    20.61    20.59    20.20    20.19    20.20    20.21    20.23    20.26
5830    21.03    20.95    20.88    20.82    20.76    20.71    20.66    20.62    20.59    20.57    20.16    20.15    20.15    20.15    20.17    20.18
5840    21.07    20.99    20.91    20.84    20.78    20.72    20.67    20.62    20.58    20.55    20.13    20.12    20.11    20.11    20.11    20.12
5850    21.12    21.04    20.95    20.87    20.80    20.74    20.68    20.62    20.58    20.54    20.11    20.09    20.07    20.06    20.06    20.06
